000000001609052019172102
000000002609052019172102
0000000032090520191727   26583071363193099093991173            teste                                                                                                                                                 fabrica                                                                                             7BCA
0000000045090520191727I111111111111teste fabrica                                       0010265830713630ABF
0000000055090520191727I222222222222teste fabrica                                       001026583071363B0D5
0000000065090520191727A111111111111teste fabrica                                       002126583071363E061
00000000730905201917272222222222227AAC
000000008309052019172711111111111156E0
000000009609052019172702
000000010609052019172702
000000011609052019172802
000000012609052019172802
000000013609052019172802
000000014609052019172802
000000015609052019172902
000000016609052019172902
000000017609052019173602
000000018609052019173602
0000000193090520191738222222222222C99A
000000020609052019173802
000000021609052019173802
000000022609052019173802
000000023609052019174202
000000024609052019174202
000000025610052019100802
000000026610052019100802
0000000275100520191010A111111111111teste fabrica                                       0021265830713637E10
0000000283100520191010111111111111FAA7
000000029610052019101002
000000030610052019101102
000000031610052019101102
000000032610052019101102
000000033610052019101102
000000034610052019101202
000000035610052019101202
000000036610052019101202
0000000373100520191013111111111111BB78
0000000383100520191013111111111111BB5C
000000039310052019101311111111111144A4
000000040610052019101402
000000041610052019101402
000000042610052019101402
000000043610052019101402
000000044610052019140402
000000045610052019140402
000000046610052019140402
000000047610052019140402
000000048610052019140402
000000049610052019140502
000000050610052019140502
000000051610052019140502
000000052610052019140502
000000053610052019140702
000000054610052019140702
000000055610052019141002
000000056610052019141002
000000057610052019141102
000000058610052019141102
000000059610052019141102
000000060610052019141102
000000061610052019141202
000000062610052019141202
000000063610052019141202
000000064610052019141302
000000065610052019141302
000000066610052019141402
000000067610052019141402
000000068610052019141402
000000069610052019141402
0000000705100520191416A111111111111teste fabrica                                       0021265830713639403
0000000713100520191416111111111111B698
0000000723100520191416111111111111F693
00000007331005201914171111111111118869
000000074610052019141802
000000075610052019141802
